1 10 0 0
2 10 2 0
3 8 2 0
4 8 0 0
5 10 0 2
6 10 2 2
7 8 2 2
8 8 0 2
9 6 0 0
10 6 2 0
11 4 2 0
12 4 0 0
13 6 0 2
14 6 2 2
15 4 2 2
16 4 0 2
17 2 0 0
18 2 2 0
19 0 2 0
20 0 0 0
21 2 0 2
22 2 2 2
23 0 2 2
24 0 0 2
25 10 0 4
26 10 2 4
27 8 2 4
28 8 0 4
29 10 0 6
30 10 2 6
31 8 2 6
32 8 0 6
33 6 0 4
34 6 2 4
35 4 2 4
36 4 0 4
37 6 0 6
38 6 2 6
39 4 2 6
40 4 0 6
41 2 0 4
42 2 2 4
43 0 2 4
44 0 0 4
45 2 0 6
46 2 2 6
47 0 2 6
48 0 0 6
49 10 0 8
50 10 2 8
51 8 2 8
52 8 0 8
53 10 0 10 
54 10 2 10
55 8 2 10
56 8 0 10
57 6 0 8
58 6 2 8
59 4 2 8
60 4 0 8
61 6 0 10
62 6 2 10
63 4 2 10
64 4 0 10
65 2 0 8
66 2 2 8
67 0 2 8
68 0 0 8
69 2 0 10
70 2 2 10
71 0 2 10
72 0 0 10
73 10 4 0
74 10 6 0
75 8 6 0
76 8 4 0
77 10 4 2
78 10 6 2
79 8 6 2
80 8 4 2
81 6 4 0
82 6 6 0
83 4 6 0
84 4 4 0
85 6 4 2
86 6 6 2
87 4 6 2
88 4 4 2
89 2 4 0
90 2 6 0
91 0 6 0
92 0 4 0
93 2 4 2
94 2 6 2
95 0 6 2
96 0 4 2
97 10 4 4
98 10 6 4
99 8 6 4
100 8 4 4
101 10 4 6
102 10 6 6
103 8 6 6
104 8 4 6
105 6 4 4
106 6 6 4
107 4 6 4
108 4 4 4
109 6 4 6
110 6 6 6
111 4 6 6
112 4 4 6
113 2 4 4
114 2 6 4
115 0 6 4
116 0 4 4
117 2 4 6
118 2 6 6
119 0 6 6
120 0 4 6
121 10 4 8
122 10 6 8
123 8 6 8
124 8 4 8
125 10 4 10
126 10 6 10
127 8 6 10
128 8 4 10
129 6 4 8
130 6 6 8
131 4 6 8
132 4 4 8
133 6 4 10
134 6 6 10
135 4 6 10
136 4 4 10
137 2 4 8
138 2 6 8
139 0 6 8
140 0 4 8
141 2 4 10
142 2 6 10
143 0 6 10
144 0 4 10
145 10 8 0
146 10 10 0
147 8 10 0
148 8 8 0
149 10 8 2
150 10 10 2
151 8 10 2
152 8 8 2
153 6 8 0
154 6 10 0
155 4 10 0
156 4 8 0
157 6 8 2
158 6 10 2
159 4 10 2
160 4 8 2
161 2 8 0
162 2 10 0
163 0 10 0 
164 0 8 0
165 2 8 2
166 2 10 2
167 0 10 2
168 0 8 2
169 10 8 4
170 10 10 4
171 8 10 4
172 8 8 4
173 10 8 6
174 10 10 6
175 8 10 6
176 8 8 6
177 6 8 4
178 6 10 4
179 4 10 4
180 4 8 4
181 6 8 6
182 6 10 6
183 4 10 6
184 4 8 6
185 2 8 4
186 2 10 4
187 0 10 4
188 0 8 4
189 2 8 6
190 2 10 6
191 0 10 6
192 0 8 6
193 10 8 8
194 10 10 8
195 8 10 8
196 8 8 8
197 10 8 10
198 10 10 10
199 8 10 10
200 8 8 10
201 6 8 8
202 6 10 8
203 4 10 8
204 4 8 8
205 6 8 10
206 6 10 10
207 4 10 10
208 4 8 10
209 2 8 8
210 2 10 8
211 0 10 8
212 0 8 8
213 2 8 10
214 2 10 10
215 0 10 10
216 0 8 10

Faces:
1 2 6 5.
4 3 7 8.
2 3 7 6.
1 4 8 5.
5 6 7 8.
1 2 3 4.
9 10 14 13.
12 11 15 16.
10 11 15 14.
9 12 16 13.
13 14 15 16.
9 10 11 12.
17 18 22 21.
20 19 23 24.
18 19 23 22.
17 20 24 21.
21 22 23 24.
17 18 19 20.
25 26 30 29.
28 27 31 32.
26 27 31 30.
25 28 32 29.
29 30 31 32.
25 26 27 28.
33 34 38 37.
36 35 39 40.
34 35 39 38.
33 36 40 37.
37 38 39 40.
33 34 35 36.
41 42 46 45.
44 43 47 48.
42 43 47 46.
41 44 48 45.
45 46 47 48.
41 42 43 44.
49 50 54 53.
52 51 55 56.
50 51 55 54.
49 52 56 53.
53 54 55 56.
49 50 51 52.
57 58 62 61.
60 59 63 64.
58 59 63 62.
57 60 64 61.
61 62 63 64.
57 58 59 60.
65 66 70 69.
68 67 71 72.
66 67 71 70.
65 68 72 69.
69 70 71 72.
65 66 67 68.
73 74 78 77.
76 75 79 80.
74 75 79 78.
73 76 80 77.
77 78 79 80.
73 74 75 76.
81 82 86 85.
84 83 87 88.
82 83 87 86.
81 84 88 85.
85 86 87 88.
81 82 83 84.
89 90 94 93.
92 91 95 96.
90 91 95 94.
89 92 96 93.
93 94 95 96.
89 90 91 92.
97 98 102 101.
100 99 103 104.
98 99 103 102.
97 100 104 101.
101 102 103 104.
97 98 99 100.
105 106 110 109.
108 107 111 112.
106 107 111 110.
105 108 112 109.
109 110 111 112.
105 106 107 108.
113 114 118 117.
116 115 119 120.
114 115 119 118.
113 116 120 117.
117 118 119 120.
113 114 115 116.
121 122 126 125.
124 123 127 128.
122 123 127 126.
121 124 128 125.
125 126 127 128.
121 122 123 124.
129 130 134 133.
132 131 135 136.
130 131 135 134.
129 132 136 133.
133 134 135 136.
129 130 131 132.
137 138 142 141.
140 139 143 144.
138 139 143 142.
137 140 144 141.
141 142 143 144.
137 138 139 140.
145 146 150 149.
148 147 151 152.
146 147 151 150.
145 148 152 149.
149 150 151 152.
145 145 147 148.
153 154 158 157.
156 155 159 160.
154 155 159 158.
153 156 160 157.
157 158 159 160.
153 154 155 156.
161 162 166 165.
164 163 167 168.
162 163 167 166.
161 164 168 165.
165 166 167 168.
161 162 163 164.
169 170 174 173.
172 171 175 176.
170 171 175 174.
169 172 176 173.
173 174 175 176.
169 170 171 172.
177 178 182 181.
180 179 183 184.
178 179 183 182.
177 180 184 181.
181 182 183 184.
177 178 179 180.
185 186 190 189.
188 187 191 192.
186 187 191 190.
185 188 192 189.
189 190 191 192.
185 186 187 188.
193 194 198 197.
196 195 199 200.
194 195 199 198.
193 196 200 197.
197 198 199 200.
193 194 195 196.
201 202 206 205.
204 203 207 208.
202 203 207 206.
201 204 208 205.
205 206 207 208.
201 202 203 204.
209 210 214 213.
212 211 215 216.
210 211 215 214.
209 212 216 213.
213 214 215 216.
209 210 211 212.